Eigvals	6
0.15682906536549865	0.038300177949364654	0.008257537854442089	0.0014351101032224838	0.0011673166715427798	0.0

Proportion explained	6
0.7613460284195095	0.18593293469900504	0.040087235330717626	0.006966918886411462	0.0056668826643564985	0.0

Species	0	0

Site	6	6
A4	-0.0792835409970555	-0.024656941410672022	-0.024042379733399708	-0.01925360337535706	0.022895538932223042	-0.0
A5	-0.11969161719863972	-0.05699447058989606	0.027592341824293914	0.026705790602338735	0.00890990487001949	-0.0
A6	-0.05155099775047166	-0.016112159021018257	-0.0680084836176951	0.0064354769158921415	-0.016048516804134105	-0.0
A52	0.1124112240732532	0.16436279565498557	0.0031295694547625787	0.006348193492915592	0.00460163239154468	-0.0
A53	-0.16693559158324559	0.016456718371398317	0.044852433495970165	-0.015807819752900337	-0.016414629775717754	-0.0
A54	0.3050505234561592	-0.08305594300479749	0.016476518576068	-0.0044280378828886234	-0.003943929613935064	-0.0

Biplot	0	0

Site constraints	0	0
