Eigvals	6
0.4224325958437066	0.25638235760003725	0.19233473928614683	0.15442825011349448	0.14744554464789367	0.0

Proportion explained	6
0.3601228793356512	0.2185654083946408	0.16396495154371474	0.13164975105806873	0.12569700966792438	0.0

Species	0	0

Site	6	6
A4	-0.18370282403977614	0.13043815699531403	0.06326373964681131	0.0718109903773496	0.3054761711675229	-0.0
A5	-0.1522317114199788	0.11307206140357173	0.08207583248372634	0.24785873230516575	-0.20882843757148006	-0.0
A6	-0.15715269940071605	0.1179017472018855	0.13571694598799353	-0.294030579873649	-0.09793689337795318	-0.0
A52	0.022010930296034216	-0.44539358423667436	0.10413997085378515	0.009025494761084132	0.014989106590552664	-0.0
A53	-0.10311615521968714	-0.03142659571262691	-0.39026413144963434	-0.03605690942336035	-0.02431972563483434	-0.0
A54	0.5741924597841236	0.11540821434852934	0.005067642477317357	0.001392271853409575	0.01061977882619032	-0.0

Biplot	0	0

Site constraints	0	0
