Eigvals	6
0.25190464528460194	0.1435817356519771	0.10269725222576447	0.06705141911560547	0.05529634128086743	0.0

Proportion explained	6
0.40594988085921135	0.23138512755739865	0.16549888255739056	0.1080548378560803	0.08911127116991902	0.0

Species	0	0

Site	6	6
A4	-0.14184016581548103	0.06338365350152797	0.08545202866168489	0.0017448583308235083	0.19021707587010708	-0.0
A5	-0.12496117589607854	0.09647950820995442	0.07597645984875545	0.1767325374043743	-0.10100023285121595	-0.0
A6	-0.11411426902045506	0.041490471782521084	0.0949648179329017	-0.18708713700513957	-0.09400884345884807	-0.0
A52	-0.042402662213605995	-0.34047676955684325	-0.03368004568071934	0.02246090159468128	-0.0037210324062683345	-0.0
A53	-0.024721367062276664	0.10785281550235663	-0.27668890217114217	-0.017220446679853743	0.000720014087868942	-0.0
A54	0.4480396400078976	0.031270320560483046	0.053975641408519515	0.0033692863551141703	0.007793018758356336	-0.0

Biplot	0	0

Site constraints	0	0
