Eigvals	6
0.3901441951625367	0.10160901974149299	0.02897538129293958	0.01588659894535955	0.010120871479919453	0.0

Proportion explained	6
0.7135878149997661	0.18584656463078528	0.05299701823578304	0.02905716288941286	0.018511439244252713	0.0

Species	0	0

Site	6	6
A4	-0.1336475868239863	-0.06328113262433124	0.02873271951174476	0.012052380298618954	0.08479932401758572	-0.0
A5	-0.1327641433714158	-0.11626388980366212	-0.048277786714506464	0.0843132938028366	-0.03588226035877193	-0.0
A6	-0.11492161181274459	-0.05382206339259652	0.12312357452705705	-0.038243503232799896	-0.03970003212197056	-0.0
A52	-0.05394395816644025	0.2826761965285222	0.002813812164355339	0.02453362775015185	-0.0036402405306072976	-0.0
A53	-0.1315075287730623	-0.01878577643818144	-0.10315650635062898	-0.08102772682701985	-0.007119406762366591	-0.0
A54	0.5667848289476494	-0.030523334269751005	-0.0032358131380213094	-0.001628071791787404	0.0015426157561309762	-0.0

Biplot	0	0

Site constraints	0	0
